===== LEAP HAND CALIBRATION (4 FINGERS) =====

[index]
open  = [3.136991024017334, 1.237921953201294, 1.0676510334014893, 4.741534233093262]
close = [3.1937479972839355, 3.7674570083618164, 2.6016321182250977, 4.623417854309082]

[middle]
open  = [3.2136900424957275, 4.36264181137085, 4.338098049163818, 1.7518060207366943]
close = [3.1906800270080566, 6.933594226837158, 5.483981132507324, 1.7748160362243652]

[ring]
open  = [3.1415929794311523, 1.21184504032135, 2.702873945236206, 3.0894370079040527]
close = [3.175339937210083, 3.7827959060668945, 4.097262859344482, 3.0786991119384766]

[thumb]
open  = [4.623417854309082, 5.152641773223877, 2.7243499755859375, 3.1017088890075684]
close = [4.922544002532959, 4.88726282119751, 3.572640895843506, 4.8458452224731445]

